1
2
16
4
16
16
52
8
52
16
52
16
40
52
160
16
52
52
88
20
64
52
160
24
88
40
9232
52
88
160
9232
32
100
52
160
52
112
88
304
40
9232
64
196
52
136
160
9232
48
148
88
232
52
160
9232
9232
56
196
88
304
160
184
9232
9232
64
196
100
304
68
208
160
9232
72
9232
112
340
88
232
304
808
80
244
9232
9232
84
256
196
592
88
304
136
9232
160
280
9232
9232
96
9232
148
448
100
304
232
9232
104
808
160
9232
9232
9232
9232
9232
112
340
196
520
116
352
304
808
160
9232
184
628
9232
9232
9232
4372
128
9232
196
592
132
400
304
916
136
9232
208
628
160
424
9232
9232
144
9232
9232
9232
148
448
340
1024
152
520
232
9232
304
472
808
9232
160
9232
244
736
9232
9232
9232
9232
168
4372
256
9232
196
520
592
9232
176
532
304
808
180
544
9232
9232
184
628
280
952
9232
9232
9232
4372
192
9232
9232
9232
196
592
448
9232
200
1024
304
916
232
616
9232
9232
208
628
808
952
212
640
9232
9232
9232
736
9232
1672
9232
9232
9232
9232
224
4372
340
1024
228
688
520
9232
232
9232
352
9232
304
712
808
9232
240
724
9232
9232
244
736
628
1672
9232
952
9232
9232
9232
9232
4372
13120
256
9232
9232
9232
260
784
592
9232
264
9232
400
1204
304
808
916
2752
272
820
9232
9232
276
832
628
1888
280
952
424
9232
9232
9232
9232
4372
288
868
9232
9232
9232
9232
9232
2248
296
9232
448
9232
340
904
1024
3076
304
916
520
1384
308
928
9232
9232
312
9232
472
1600
808
952
9232
9232
320
964
9232
9232
324
976
736
9232
9232
1672
9232
1492
9232
9232
9232
9232
336
9232
4372
4372
340
1024
9232
9232
344
9232
520
9232
592
1048
9232
9232
352
9232
532
1600
356
1072
808
9232
360
2752
544
1636
9232
9232
9232
4192
368
1108
628
1672
372
1120
952
2536
9232
9232
9232
2752
9232
9232
4372
13120
384
1156
9232
9232
9232
9232
9232
9232
392
2248
592
9232
448
1192
9232
9232
400
1204
1024
1816
404
1216
916
2752
408
1384
616
9232
9232
9232
9232
9232
416
9232
628
1888
808
1264
952
3220
424
9232
640
2752
9232
9232
9232
4372
9232
1300
736
1960
9232
9232
1672
2968
9232
1492
9232
2248
9232
9232
9232
39364
448
9232
4372
4372
452
1360
1024
3076
456
9232
688
9232
520
1384
9232
9232
464
1396
9232
9232
468
1408
9232
9232
472
1600
712
3616
808
1432
9232
9232
480
2752
724
2176
9232
9232
9232
9232
488
4192
736
9232
628
1480
1672
14308
9232
1492
952
2248
9232
9232
9232
9232
9232
2752
9232
2896
4372
4372
13120
39364
512
1540
9232
9232
9232
9232
9232
3508
520
9232
784
9232
592
1576
9232
9232
528
1588
9232
9232
532
1600
1204
3616
536
1816
808
9232
916
1624
2752
9232
544
1636
820
2464
9232
9232
9232
4192
552
9232
832
2500
628
1672
1888
8080
560
1684
952
2536
564
1696
9232
9232
9232
2752
9232
2896
9232
9232
4372
13120
576
1732
868
2608
9232
9232
9232
3940
9232
2968
9232
9232
9232
9232
2248
5992
592
9232
9232
9232
596
1792
9232
9232
600
4372
904
5812
1024
1816
3076
9232
608
9232
916
2752
612
1840
1384
10528
616
9232
928
9232
9232
9232
9232
9232
624
1876
9232
9232
628
1888
1600
4264
808
3616
952
3220
9232
9232
9232
41524
640
2752
964
2896
9232
9232
9232
4372
648
9232
976
9232
736
1960
9232
9232
9232
1972
1672
2968
9232
9232
1492
4480
9232
2248
9232
21688
9232
9232
9232
39364
672
2752
9232
9232
4372
4372
4372
5812
680
39364
1024
3076
9232
9232
9232
6964
688
9232
9232
9232
692
2080
9232
9232
696
9232
1048
3544
9232
9232
9232
250504
704
2116
9232
9232
708
2128
1600
4804
712
3616
1072
3220
808
2152
9232
9232
720
2164
2752
3256
724
2176
1636
4912
9232
2464
9232
9232
9232
9232
4192
11176
736
9232
1108
3328
740
2224
1672
14308
744
8080
1120
4264
952
2248
2536
21688
9232
2260
9232
9232
9232
9232
2752
5128
9232
2896
9232
9232
4372
4372
13120
39364
768
2308
1156
3472
9232
9232
9232
9232
9232
3940
9232
3508
9232
9232
9232
9232
784
9232
2248
3544
788
2368
9232
9232
792
9232
1192
39364
9232
9232
9232
12148
800
4372
1204
3616
1024
2416
1816
39364
808
9232
1216
9232
916
2440
2752
9232
816
2452
1384
3688
820
2464
9232
9232
9232
9232
9232
4192
9232
9232
9232
18952
832
2500
9232
9232
836
2512
1888
8080
840
4264
1264
3796
952
2536
3220
8584
848
9232
9232
9232
852
2560
2752
5776
9232
2896
9232
9232
9232
9232
4372
13120
9232
9232
1300
3904
868
2608
1960
190996
9232
9232
9232
3940
1672
2632
2968
10024
9232
9232
1492
3976
9232
9232
2248
5992
9232
21688
9232
8584
9232
9232
39364
39364
896
2752
9232
9232
4372
4372
4372
9232
904
5812
1360
13120
1024
2728
3076
9232
912
9232
9232
9232
916
2752
9232
9232
920
9232
1384
10528
9232
9232
9232
15856
928
9232
1396
4192
9232
9232
9232
9232
936
250504
1408
9232
9232
9232
9232
9556
944
2836
1600
4264
948
2848
3616
6424
952
3220
1432
4840
9232
9232
9232
41524
960
2884
2752
4336
964
2896
2176
9232
9232
4912
9232
4372
9232
9232
9232
9880
976
9232
4192
4408
980
2944
9232
9232
984
3328
1480
7504
1672
2968
14308
15064
9232
8080
1492
4480
996
2992
2248
11392
9232
21688
9232
8584
9232
9232
9232
39364
9232
9232
2752
4552
9232
9232
2896
6856
4372
9232
4372
5812
13120
13120
39364
118096
1024
3076
1540
4624
9232
9232
9232
6964
9232
9232
9232
9232
9232
9232
3508
10528
1040
9232
9232
9232
1044
3136
9232
9232
1048
3544
1576
45520
9232
9232
9232
250504
1056
9232
1588
4768
9232
9232
9232
8080
1064
12148
1600
4804
1204
3208
3616
10852
1072
3220
1816
4840
1076
3232
9232
9232
1080
9232
1624
9232
2752
3256
9232
24784
1088
3268
1636
4912
1092
3280
2464
7396
9232
9232
9232
4948
9232
9232
4192
11176
1104
9232
9232
9232
1108
3328
2500
7504
1112
9232
1672
14308
1888
3352
8080
17008
1120
4264
1684
5056
1124
3376
2536
21688
1128
8584
1696
5092
9232
9232
9232
14560
9232
3412
2752
5128
9232
9232
2896
7720
9232
9232
9232
5812
4372
4372
13120
39364
1152
9232
1732
5200
1156
3472
2608
7828
9232
190996
9232
9232
9232
9232
3940
11824
9232
3508
2968
5272
9232
9232
9232
9232
9232
3976
9232
13444
2248
3544
5992
45520
1184
21688
9232
9232
9232
9232
9232
15280
1192
39364
1792
9232
9232
9232
9232
12148
1200
4372
4372
5416
1204
3616
5812
8152
1208
13120
1816
39364
3076
3640
9232
27700
1216
9232
9232
9232
1220
3664
2752
9232
1224
9232
1840
9232
1384
3688
10528
12472
1232
9232
9232
9232
1236
3712
9232
9232
9232
4192
9232
9448
9232
9232
9232
18952
1248
250504
1876
5632
9232
9232
9232
14308
1256
9556
1888
8080
1600
3784
4264
138400
1264
3796
3616
5704
1268
3808
3220
8584
9232
4840
9232
39364
9232
9232
41524
65608
1280
3844
2752
5776
1284
3856
2896
9232
9232
9232
9232
5812
9232
9232
4372
13120
1296
9232
9232
9232
1300
3904
9232
9232
1304
4408
1960
190996
9232
9232
9232
19924
9232
3940
1972
5920
1672
3952
2968
10024
9232
15064
9232
5956
1492
3976
4480
13444
9232
3988
2248
5992
9232
9232
21688
21688
9232
8584
9232
6784
9232
9232
39364
39364
1344
9232
2752
6064
9232
9232
9232
17332
4372
6856
4372
9232
4372
4372
5812
13768
1360
13120
39364
39364
1364
4096
3076
9232
9232
4624
9232
10420
9232
9232
6964
20896
1376
9232
9232
9232
9232
9232
9232
95956
1384
10528
2080
6244
9232
9232
9232
15856
1392
4180
9232
9232
1396
4192
3544
9448
9232
45520
9232
9232
9232
9232
250504
250504
1408
9232
2116
6352
9232
9232
9232
9556
1416
8080
2128
9232
1600
4264
4804
14416
1424
4276
3616
6424
1428
4288
3220
9664
1432
4840
2152
39364
9232
9232
9232
41524
1440
9232
2164
6496
2752
4336
3256
10996
1448
24784
2176
9232
1636
4360
4912
14740
9232
4372
2464
6568
9232
9232
9232
9880
9232
4948
9232
9232
4192
4408
11176
190996
1472
9232
9232
9232
1476
4432
3328
9988
1480
7504
2224
9232
1672
4456
14308
15064
1488
4468
8080
8080
1492
4480
4264
10096
1496
5056
2248
11392
2536
4504
21688
22840
9232
8584
2260
6784
9232
9232
9232
39364
9232
14560
9232
65608
2752
4552
5128
25972
9232
9232
2896
6856
9232
9232
9232
10312
4372
5812
4372
8728
13120
13120
39364
118096
1536
9232
2308
6928
1540
4624
3472
10420
9232
7828
9232
6964
9232
9232
9232
15712
9232
9232
3940
7000
9232
9232
3508
10528
9232
5272
9232
26728
9232
9232
9232
23812
1568
4708
9232
9232
2248
4720
3544
11968
1576
45520
2368
9232
9232
9232
9232
250504
1584
9232
9232
9232
1588
4768
39364
39364
9232
9232
9232
8080
9232
9232
12148
36448
1600
4804
4372
7216
1604
4816
3616
10852
1608
8152
2416
7252
1816
4840
39364
39364
1616
4852
9232
9232
1620
4864
9232
10960
1624
9232
2440
13912
2752
4888
9232
24784
1632
9232
2452
7360
1636
4912
3688
95956
1640
12472
2464
7396
9232
9232
9232
18772
9232
4948
9232
9232
9232
9232
4192
11176
9232
9448
9232
8404
9232
9232
18952
95956
1664
250504
2500
7504
9232
9232
9232
11284
1672
14308
2512
9232
1888
5032
8080
17008
1680
5044
4264
7576
1684
5056
3796
11392
1688
5704
2536
21688
3220
5080
8584
48904
1696
5092
9232
9232
9232
9232
9232
14560
1704
65608
2560
9232
2752
5128
5776
17332
9232
5140
2896
7720
9232
9232
9232
11608
9232
5812
9232
8728
4372
5176
13120
39364
9232
9232
9232
9232
1732
5200
3904
11716
1736
9232
2608
7828
1960
5224
190996
190996
9232
9232
9232
9232
9232
9232
3940
11824
1752
5920
2632
13336
2968
5272
10024
26728
9232
15064
9232
9232
1764
5296
3976
22660
9232
13444
9232
10096
2248
5320
5992
45520
9232
9232
21688
21688
9232
9232
8584
12040
9232
6784
9232
15280
39364
39364
39364
103336
1792
9232
2752
8080
9232
9232
9232
12148
4372
17332
4372
8116
4372
5416
9232
18304
1808
5428
5812
8152
1812
5440
13120
13120
1816
39364
2728
1276936
3076
5464
9232
27700
1824
5476
9232
9232
9232
9232
9232
13912
1832
20896
2752
9232
9232
9232
9232
18628
1840
9232
9232
9232
1844
5536
10528
12472
9232
6244
9232
9376
9232
9232
15856
42280
1856
5572
9232
9232
1860
5584
4192
15928
9232
9448
9232
8404
9232
9232
9232
18952
1872
9232
250504
250504
1876
5632
9232
12688
9232
6352
9232
14308
9232
9232
9556
28672
1888
8080
2836
8512
1892
5680
4264
138400
1896
14416
2848
8548
3616
5704
6424
21688
1904
5716
3220
8584
1908
5728
4840
12904
9232
39364
9232
1276936
9232
9232
41524
65608
1920
9232
2884
8656
2752
5776
4336
13012
1928
10996
2896
9232
2176
5800
9232
19600
9232
5812
4912
8728
9232
9232
4372
13120
9232
6568
9232
22192
9232
9232
9880
33352
1952
5860
9232
9232
4192
5872
4408
80512
1960
190996
2944
9448
9232
9232
9232
19924
1968
5908
3328
8872
1972
5920
7504
13336
1976
9232
2968
10024
14308
14308
15064
50848
9232
5956
8080
8944
1988
5968
4480
13444
1992
10096
2992
8980
2248
5992
11392
20248
9232
6004
21688
21688
9232
9232
8584
13552
9232
6784
9232
15280
9232
9232
39364
39364
9232
14560
9232
9232
2752
6064
4552
23056
9232
25972
9232
17332
2896
6088
6856
34720
4372
9232
9232
9232
4372
6112
5812
13768
13120
8728
13120
44224
39364
39364
118096
1276936
2048
9232
3076
9232
2052
6160
4624
13876
9232
10420
9232
9268
9232
9232
6964
20896
9232
9232
9232
9304
9232
9232
9232
13984
9232
7000
9232
95956
3508
6232
10528
31588
2080
6244
9232
9376
9232
9232
9232
15856
2088
23812
3136
9412
9232
9232
9232
21220
2096
6292
3544
9448
2100
6304
45520
45520
9232
9232
9232
21688
9232
9232
250504
250504
2112
9232
9232
9520
2116
6352
4768
14308
9232
39364
9232
9556
9232
9232
8080
21544
2128
9232
12148
12148
2132
6400
4804
14416
2136
7216
3208
61720
3616
6424
10852
32560
2144
8152
3220
9664
2148
6448
4840
176740
2152
39364
3232
1276936
9232
9232
9232
41524
2160
6484
9232
9736
2164
6496
9232
14632
2752
13912
3256
10996
9232
9232
24784
74356
2176
9232
3268
9808
2180
6544
4912
14740
2184
95956
3280
10528
2464
6568
7396
22192
9232
9232
9232
9880
9232
9232
4948
14848
9232
9232
9232
25108
4192
6616
11176
190996
2208
9448
9232
9952
9232
9232
9232
345544
2216
95956
3328
9988
2500
6664
7504
250504
2224
9232
9232
10024
2228
6688
14308
15064
2232
9232
3352
11320
8080
8080
17008
51028
2240
6724
4264
10096
2244
6736
5056
15172
2248
11392
3376
10132
2536
6760
21688
22840
2256
6772
8584
10168
2260
6784
5092
15280
9232
9232
9232
39364
9232
9232
14560
34504
9232
65608
3412
10240
2752
6832
5128
25972
9232
17332
9232
13012
2896
6856
7720
250504
9232
9232
9232
10312
9232
9232
5812
15496
4372
8728
4372
44224
13120
13120
39364
118096
2304
9232
9232
10384
2308
6928
5200
15604
2312
11716
3472
10420
2608
6952
7828
23488
9232
6964
190996
190996
9232
9232
9232
15712
9232
9232
9232
59776
3940
7000
11824
95956
9232
7012
3508
10528
2968
7024
5272
17800
9232
26728
9232
14308
9232
9232
9232
23812
9232
7060
3976
10600
9232
9232
13444
15928
2360
10096
3544
11968
5992
7096
45520
53944
2368
9232
21688
21688
9232
9232
9232
250504
9232
12040
9232
10708
9232
9232
15280
24136
2384
39364
39364
39364
2388
7168
9232
16144
9232
8080
9232
18196
9232
9232
12148
36448
2400
17332
4372
10816
4372
7216
5416
61720
2408
18304
3616
10852
5812
7240
8152
27520
2416
7252
13120
13120
2420
7264
39364
39364
3076
1276936
3640
12292
9232
9232
27700
83104
2432
7300
9232
10960
9232
9232
9232
16468
2440
13912
3664
10996
2752
7336
9232
24784
2448
9232
9232
11032
2452
7360
9232
16576
2456
9232
3688
95956
10528
10528
12472
250504
2464
7396
9232
11104
9232
9232
9232
18772
2472
42280
3712
23812
9232
9232
9232
25108
9232
7444
4192
11176
9232
9232
9448
16792
9232
8404
9232
45520
9232
9232
18952
95956
2496
9232
250504
250504
2500
7504
5632
16900
9232
12688
9232
11284
9232
9232
14308
25432
2512
9232
9556
11320
2516
7552
8080
17008
2520
8512
3784
19168
4264
7576
138400
138400
2528
14416
3796
11392
3616
7600
5704
61720
2536
21688
3808
32560
3220
7624
8584
48904
9232
7636
4840
11464
9232
9232
39364
39364
9232
1276936
9232
14560
41524
41524
65608
897856
2560
9232
3844
11536
2752
7696
5776
17332
2568
13012
3856
11572
2896
7720
9232
26080
9232
7732
9232
11608
9232
9232
5812
17440
9232
8728
9232
44224
4372
7768
13120
39364
2592
7780
9232
11680
9232
9232
9232
19744
2600
33352
3904
11716
9232
9232
9232
33424
2608
7828
4408
11752
2612
7840
190996
190996
9232
9448
9232
13264
9232
9232
19924
59776
9232
7876
3940
11824
2628
7888
5920
250504
2632
13336
3952
11860
2968
7912
10024
26728
9232
14308
15064
15064
9232
9232
5956
17872
2648
8944
3976
22660
4480
7960
13444
40336
9232
10096
3988
11968
2660
7984
5992
45520
9232
20248
9232
12004
21688
21688
21688
30436
9232
9232
8584
12040
9232
9232
6784
18088
9232
15280
9232
13588
39364
39364
39364
103336
2688
14560
9232
12112
2752
8080
6064
18196
9232
23056
9232
12148
9232
9232
17332
27376
4372
8116
6856
12184
4372
8128
9232
18304
4372
9232
4372
223072
5812
8152
13768
69712
2720
8728
13120
13120
39364
39364
39364
95956
2728
1276936
4096
12292
3076
8200
9232
27700
9232
8212
4624
12328
9232
9232
10420
18520
9232
9268
9232
13912
6964
8248
20896
225988
2752
9232
9232
12400
9232
9232
9232
18628
9232
13984
9232
12436
9232
9232
95956
95956
2768
8308
10528
12472
2772
8320
6244
18736
9232
9376
9232
26728
9232
9232
15856
42280
2784
23812
4180
12544
9232
9232
9232
80512
2792
21220
4192
15928
3544
8392
9448
71764
9232
8404
45520
45520
9232
9232
9232
18952
9232
21688
9232
40552
250504
250504
250504
144340
2816
9232
9232
12688
2820
8464
6352
19060
9232
14308
9232
39364
9232
9232
9556
28672
2832
9232
8080
12760
2836
8512
9232
19168
2840
12148
4264
138400
4804
8536
14416
43252
2848
8548
4276
12832
3616
8560
6424
21688
2856
32560
4288
12868
3220
8584
9664
28996
2864
8596
4840
12904
2868
8608
39364
39364
9232
1276936
9232
14560
9232
9232
41524
65608
2880
8644
9232
12976
2884
8656
6496
24676
2888
14632
4336
13012
3256
8680
10996
29320
2896
9232
24784
24784
2900
8704
9232
19600
2904
9808
4360
22084
4912
8728
14740
44224
9232
95956
4372
13120
2916
8752
6568
250504
9232
22192
9232
13156
9232
9232
9880
33352
9232
9232
4948
13192
9232
9232
9232
19816
4192
25108
4408
80512
11176
11176
190996
190996
2944
9448
9232
13264
9232
9232
9232
19924
2952
345544
4432
18952
3328
8872
9988
29968
2960
8884
7504
13336
2964
8896
9232
20032
2968
10024
4456
33856
14308
14308
15064
50848
2976
9232
4468
13408
8080
8944
8080
22660
2984
51028
4480
13444
4264
8968
10096
30292
2992
8980
5056
13480
2996
8992
11392
20248
3000
